KEYCODE98_ESC	0	1	16777216	0	16	9	65307
KEYCODE98_1	1	1	49	0	16	10	49
KEYCODE98_2	2	1	50	0	16	11	50
KEYCODE98_3	3	1	51	0	16	12	51
KEYCODE98_4	4	1	52	0	16	13	52
KEYCODE98_5	5	1	53	0	16	14	53
KEYCODE98_6	6	1	54	0	16	15	54
KEYCODE98_7	7	1	55	0	16	16	55
KEYCODE98_8	8	1	56	0	16	17	56
KEYCODE98_9	9	1	57	0	16	18	57
KEYCODE98_0	10	1	48	0	16	19	48
KEYCODE98_MINUS	11	1	45	0	16	20	45
KEYCODE98_CARET	12	1	94	0	16	21	94
KEYCODE98_YEN	13	1	92	0	16	132	92
KEYCODE98_BS	14	1	16777219	0	16	22	65288
KEYCODE98_TAB	15	1	16777217	0	16	23	65289
KEYCODE98_Q	16	1	81	0	16	24	113
KEYCODE98_W	17	1	87	0	16	25	119
KEYCODE98_E	18	1	69	0	16	26	101
KEYCODE98_R	19	1	82	0	16	27	114
KEYCODE98_T	20	1	84	0	16	28	116
KEYCODE98_Y	21	1	89	0	16	29	121
KEYCODE98_U	22	1	85	0	16	30	117
KEYCODE98_I	23	1	73	0	16	31	105
KEYCODE98_O	24	1	79	0	16	32	111
KEYCODE98_P	25	1	80	0	16	33	112
KEYCODE98_ATMARK	26	1	64	0	16	34	64
KEYCODE98_LBRACKET	27	1	91	0	16	35	91
KEYCODE98_RET	28	1	16777220	0	16	36	65293
KEYCODE98_TENKEY_RET	28	1	16777221	536870912	16	104	65421
KEYCODE98_A	29	1	65	0	16	38	97
KEYCODE98_S	30	1	83	0	16	39	115
KEYCODE98_D	31	1	68	0	16	40	100
KEYCODE98_F	32	1	70	0	16	41	102
KEYCODE98_G	33	1	71	0	16	42	103
KEYCODE98_H	34	1	72	0	16	43	104
KEYCODE98_J	35	1	74	0	16	44	106
KEYCODE98_K	36	1	75	0	16	45	107
KEYCODE98_L	37	1	76	0	16	46	108
KEYCODE98_SEMICOLON	38	1	59	0	16	47	59
KEYCODE98_COLON	39	1	58	0	16	48	58
KEYCODE98_RBRACKET	40	1	93	0	16	51	93
KEYCODE98_Z	41	1	90	0	16	52	122
KEYCODE98_X	42	1	88	0	16	53	120
KEYCODE98_C	43	1	67	0	16	54	99
KEYCODE98_V	44	1	86	0	16	55	118
KEYCODE98_B	45	1	66	0	16	56	98
KEYCODE98_N	46	1	78	0	16	57	110
KEYCODE98_M	47	1	77	0	16	58	109
KEYCODE98_COMMA	48	1	44	0	16	59	44
KEYCODE98_PERIOD	49	1	46	0	16	60	46
KEYCODE98_SLASH	50	1	47	0	16	61	47
KEYCODE98_BACKSLASH	51	1	92	0	16	97	92
KEYCODE98_SPACE	52	1	32	0	16	65	32
KEYCODE98_XFER	53	1	16781603	0	16	100	65315
KEYCODE98_ROLLUP	54	1	16777238	0	16	112	65365
KEYCODE98_ROLLDOWN	55	1	16777239	0	16	117	65366
KEYCODE98_INS	56	1	16777222	0	16	118	65379
KEYCODE98_DEL	57	1	16777223	0	16	119	65535
KEYCODE98_UP	58	1	16777235	0	16	111	65362
KEYCODE98_LEFT	59	1	16777234	0	16	113	65361
KEYCODE98_RIGHT	60	1	16777236	0	16	114	65363
KEYCODE98_DOWN	61	1	16777237	0	16	116	65364
KEYCODE98_CLR	62	1	16777232	0	16	110	65360
KEYCODE98_HELP	63	1	16777233	0	16	115	65367
KEYCODE98_TENKEY_MINUS	64	1	45	536870912	16	82	65453
KEYCODE98_TENKEY_SLASH	65	1	47	536870912	16	106	65455
KEYCODE98_TENKEY_7	66	1	55	536870912	16	79	65463
KEYCODE98_TENKEY_8	67	1	56	536870912	16	80	65464
KEYCODE98_TENKEY_9	68	1	57	536870912	16	81	65465
KEYCODE98_TENKEY_ASTERISK	69	1	42	536870912	16	63	65450
KEYCODE98_TENKEY_4	70	1	52	536870912	16	83	65460
KEYCODE98_TENKEY_5	71	1	53	536870912	16	84	65461
KEYCODE98_TENKEY_6	72	1	54	536870912	16	85	65462
KEYCODE98_TENKEY_PLUS	73	1	43	536870912	16	86	65451
KEYCODE98_TENKEY_1	74	1	49	536870912	16	87	65457
KEYCODE98_TENKEY_2	75	1	50	536870912	16	88	65458
KEYCODE98_TENKEY_3	76	1	51	536870912	16	89	65459
KEYCODE98_TENKEY_EQUAL	77	0	0	0	0	0	0
KEYCODE98_TENKEY_0	78	1	48	536870912	16	90	65456
KEYCODE98_TENKKEY_COMMA	79	0	0	0	0	0	0
KEYCODE98_TENKEY_PERIOD	80	1	46	536870912	16	91	65454
KEYCODE98_NFER	81	1	16781602	0	16	102	65314
KEYCODE98_VF1	82	0	0	0	0	0	0
KEYCODE98_VF2	83	0	0	0	0	0	0
KEYCODE98_VF3	84	0	0	0	0	0	0
KEYCODE98_VF4	85	0	0	0	0	0	0
KEYCODE98_VF5	86	0	0	0	0	0	0
KEYCODE98_STOP	96	1	16777275	0	16	96	65481
KEYCODE98_COPY	97	0	0	0	0	0	0
KEYCODE98_F1	98	1	16777264	0	16	67	65470
KEYCODE98_F2	99	1	16777265	0	16	68	65471
KEYCODE98_F3	100	1	16777266	0	16	69	65472
KEYCODE98_F4	101	1	16777267	0	16	70	65473
KEYCODE98_F5	102	1	16777268	0	16	71	65474
KEYCODE98_F6	103	1	16777269	0	16	72	65475
KEYCODE98_F7	104	1	16777270	0	16	73	65476
KEYCODE98_F8	105	1	16777271	0	16	74	65477
KEYCODE98_F9	106	1	16777272	0	16	75	65478
KEYCODE98_F10	107	1	16777273	0	16	76	65479
KEYCODE98_LSHIFT	112	1	16777248	33554432	16	50	65505
KEYCODE98_CAPS	113	1	16781616	0	16	66	65328
KEYCODE98_KANA	114	0	0	0	0	0	0
KEYCODE98_GRPH	115	1	16777251	134217728	16	64	65513
KEYCODE98_CTRL	116	1	16777249	67108864	16	37	65507
KEYCODE98_RSHIFT	125	1	16777248	33554432	16	62	65506
