KEYCODE98_ESC	0	1	16777216	0	256	1	53
KEYCODE98_1	1	1	49	0	256	1	18
KEYCODE98_2	2	1	50	0	256	1	19
KEYCODE98_3	3	1	51	0	256	1	20
KEYCODE98_4	4	1	52	0	256	1	21
KEYCODE98_5	5	1	53	0	256	1	23
KEYCODE98_6	6	1	54	0	256	1	22
KEYCODE98_7	7	1	55	0	256	1	26
KEYCODE98_8	8	1	56	0	256	1	28
KEYCODE98_9	9	1	57	0	256	1	25
KEYCODE98_0	10	1	48	0	256	1	29
KEYCODE98_MINUS	11	1	45	0	256	1	27
KEYCODE98_CARET	12	1	94	0	256	1	24
KEYCODE98_YEN	13	1	165	0	256	1	93
KEYCODE98_BS	14	1	16777219	0	256	1	51
KEYCODE98_TAB	15	1	16777217	0	256	1	48
KEYCODE98_Q	16	1	81	0	256	1	12
KEYCODE98_W	17	1	87	0	256	1	13
KEYCODE98_E	18	1	69	0	256	1	14
KEYCODE98_R	19	1	82	0	256	1	15
KEYCODE98_T	20	1	84	0	256	1	17
KEYCODE98_Y	21	1	89	0	256	1	16
KEYCODE98_U	22	1	85	0	256	1	32
KEYCODE98_I	23	1	73	0	256	1	34
KEYCODE98_O	24	1	79	0	256	1	31
KEYCODE98_P	25	1	80	0	256	1	35
KEYCODE98_ATMARK	26	1	64	0	256	1	33
KEYCODE98_LBRACKET	27	1	91	0	256	1	30
KEYCODE98_RET	28	1	16777220	0	256	1	36
KEYCODE98_TENKEY_RET	28	1	16777221	536870912	2097408	1	76
KEYCODE98_A	29	1	65	0	256	1	0
KEYCODE98_S	30	1	83	0	256	1	1
KEYCODE98_D	31	1	68	0	256	1	2
KEYCODE98_F	32	1	70	0	256	1	3
KEYCODE98_G	33	1	71	0	256	1	5
KEYCODE98_H	34	1	72	0	256	1	4
KEYCODE98_J	35	1	74	0	256	1	38
KEYCODE98_K	36	1	75	0	256	1	40
KEYCODE98_L	37	1	76	0	256	1	37
KEYCODE98_SEMICOLON	38	1	59	0	256	1	41
KEYCODE98_COLON	39	1	58	0	256	1	39
KEYCODE98_RBRACKET	40	1	93	0	256	1	42
KEYCODE98_Z	41	1	90	0	256	1	6
KEYCODE98_X	42	1	88	0	256	1	7
KEYCODE98_C	43	1	67	0	256	1	8
KEYCODE98_V	44	1	86	0	256	1	9
KEYCODE98_B	45	1	66	0	256	1	11
KEYCODE98_N	46	1	78	0	256	1	45
KEYCODE98_M	47	1	77	0	256	1	46
KEYCODE98_COMMA	48	1	44	0	256	1	43
KEYCODE98_PERIOD	49	1	46	0	256	1	47
KEYCODE98_SLASH	50	1	47	0	256	1	44
KEYCODE98_BACKSLASH	51	1	95	0	256	1	94
KEYCODE98_SPACE	52	1	32	0	256	1	49
KEYCODE98_XFER	53	1	16777249	67108864	272	1	54
KEYCODE98_ROLLUP	54	1	16777238	0	8388864	1	116
KEYCODE98_ROLLDOWN	55	1	16777239	0	8388864	1	121
KEYCODE98_INS	56	0	0	0	0	0	0
KEYCODE98_DEL	57	1	16777223	0	8388864	1	117
KEYCODE98_UP	58	1	16777235	536870912	10486016	1	126
KEYCODE98_LEFT	59	1	16777234	536870912	10486016	1	123
KEYCODE98_RIGHT	60	1	16777236	536870912	10486016	1	124
KEYCODE98_DOWN	61	1	16777237	536870912	10486016	1	125
KEYCODE98_CLR	62	1	16777232	0	8388864	1	115
KEYCODE98_HELP	63	1	16777233	0	8388864	1	119
KEYCODE98_TENKEY_MINUS	64	1	45	536870912	2097408	1	78
KEYCODE98_TENKEY_SLASH	65	1	47	536870912	2097408	1	75
KEYCODE98_TENKEY_7	66	1	55	536870912	2097408	1	89
KEYCODE98_TENKEY_8	67	1	56	536870912	2097408	1	91
KEYCODE98_TENKEY_9	68	1	57	536870912	2097408	1	92
KEYCODE98_TENKEY_ASTERISK	69	1	42	536870912	2097408	1	67
KEYCODE98_TENKEY_4	70	1	52	536870912	2097408	1	86
KEYCODE98_TENKEY_5	71	1	53	536870912	2097408	1	87
KEYCODE98_TENKEY_6	72	1	54	536870912	2097408	1	88
KEYCODE98_TENKEY_PLUS	73	1	43	536870912	2097408	1	69
KEYCODE98_TENKEY_1	74	1	49	536870912	2097408	1	83
KEYCODE98_TENKEY_2	75	1	50	536870912	2097408	1	84
KEYCODE98_TENKEY_3	76	1	51	536870912	2097408	1	85
KEYCODE98_TENKEY_EQUAL	77	1	61	536870912	2097408	1	81
KEYCODE98_TENKEY_0	78	1	48	536870912	2097408	1	82
KEYCODE98_TENKKEY_COMMA	79	1	44	0	256	1	95
KEYCODE98_TENKEY_PERIOD	80	1	46	536870912	2097408	1	65
KEYCODE98_NFER	81	1	16777249	67108864	264	1	55
KEYCODE98_VF1	82	0	0	0	0	0	0
KEYCODE98_VF2	83	0	0	0	0	0	0
KEYCODE98_VF3	84	0	0	0	0	0	0
KEYCODE98_VF4	85	0	0	0	0	0	0
KEYCODE98_VF5	86	0	0	0	0	0	0
KEYCODE98_STOP	96	1	16777275	0	8388864	1	111
KEYCODE98_COPY	97	1	16777276	0	8388864	1	105
KEYCODE98_F1	98	1	16777264	0	8388864	1	122
KEYCODE98_F2	99	1	16777265	0	8388864	1	120
KEYCODE98_F3	100	1	16777266	0	8388864	1	99
KEYCODE98_F4	101	1	16777267	0	8388864	1	118
KEYCODE98_F5	102	1	16777268	0	8388864	1	96
KEYCODE98_F6	103	1	16777269	0	8388864	1	97
KEYCODE98_F7	104	1	16777270	0	8388864	1	98
KEYCODE98_F8	105	1	16777271	0	8388864	1	100
KEYCODE98_F9	106	1	16777272	0	8388864	1	101
KEYCODE98_F10	107	1	16777273	0	8388864	1	109
KEYCODE98_LSHIFT	112	1	16777248	33554432	258	1	56
KEYCODE98_CAPS	113	1	16777252	0	256	1	57
KEYCODE98_KANA	114	0	0	0	0	0	0
KEYCODE98_GRPH	115	1	16777251	134217728	288	1	58
KEYCODE98_CTRL	116	1	16777250	268435456	257	1	59
KEYCODE98_RSHIFT	125	1	16777248	33554432	260	1	60
