KEYCODE98_ESC	0	1	16777216	0	512	1	27
KEYCODE98_1	1	1	49	0	512	2	49
KEYCODE98_2	2	1	50	0	512	3	50
KEYCODE98_3	3	1	51	0	512	4	51
KEYCODE98_4	4	1	52	0	512	5	52
KEYCODE98_5	5	1	53	0	512	6	53
KEYCODE98_6	6	1	54	0	512	7	54
KEYCODE98_7	7	1	55	0	512	8	55
KEYCODE98_8	8	1	56	0	512	9	56
KEYCODE98_9	9	1	57	0	512	10	57
KEYCODE98_0	10	1	48	0	512	11	48
KEYCODE98_MINUS	11	1	45	0	512	12	189
KEYCODE98_CARET	12	1	94	0	512	13	222
KEYCODE98_YEN	13	1	92	0	512	125	220
KEYCODE98_BS	14	1	16777219	0	512	14	8
KEYCODE98_TAB	15	1	16777217	0	512	15	9
KEYCODE98_Q	16	1	81	0	512	16	81
KEYCODE98_W	17	1	87	0	512	17	87
KEYCODE98_E	18	1	69	0	512	18	69
KEYCODE98_R	19	1	82	0	512	19	82
KEYCODE98_T	20	1	84	0	512	20	84
KEYCODE98_Y	21	1	89	0	512	21	89
KEYCODE98_U	22	1	85	0	512	22	85
KEYCODE98_I	23	1	73	0	512	23	73
KEYCODE98_O	24	1	79	0	512	24	79
KEYCODE98_P	25	1	80	0	512	25	80
KEYCODE98_ATMARK	26	1	64	0	512	26	192
KEYCODE98_LBRACKET	27	1	91	0	512	27	219
KEYCODE98_RET	28	1	16777220	0	512	28	13
KEYCODE98_TENKEY_RET	28	1	16777221	536870912	16777728	284	13
KEYCODE98_A	29	1	65	0	512	30	65
KEYCODE98_S	30	1	83	0	512	31	83
KEYCODE98_D	31	1	68	0	512	32	68
KEYCODE98_F	32	1	70	0	512	33	70
KEYCODE98_G	33	1	71	0	512	34	71
KEYCODE98_H	34	1	72	0	512	35	72
KEYCODE98_J	35	1	74	0	512	36	74
KEYCODE98_K	36	1	75	0	512	37	75
KEYCODE98_L	37	1	76	0	512	38	76
KEYCODE98_SEMICOLON	38	1	59	0	512	39	187
KEYCODE98_COLON	39	1	58	0	512	40	186
KEYCODE98_RBRACKET	40	1	93	0	512	43	221
KEYCODE98_Z	41	1	90	0	512	44	90
KEYCODE98_X	42	1	88	0	512	45	88
KEYCODE98_C	43	1	67	0	512	46	67
KEYCODE98_V	44	1	86	0	512	47	86
KEYCODE98_B	45	1	66	0	512	48	66
KEYCODE98_N	46	1	78	0	512	49	78
KEYCODE98_M	47	1	77	0	512	50	77
KEYCODE98_COMMA	48	1	44	0	512	51	188
KEYCODE98_PERIOD	49	1	46	0	512	52	190
KEYCODE98_SLASH	50	1	47	0	512	53	191
KEYCODE98_BACKSLASH	51	1	92	0	512	115	226
KEYCODE98_SPACE	52	1	32	0	512	57	32
KEYCODE98_XFER	53	1	0	0	512	121	28
KEYCODE98_ROLLUP	54	1	16777238	0	16777728	329	33
KEYCODE98_ROLLDOWN	55	1	16777239	0	16777728	337	34
KEYCODE98_INS	56	1	16777222	0	16777728	338	45
KEYCODE98_DEL	57	1	16777223	0	16777728	339	46
KEYCODE98_UP	58	1	16777235	0	16777728	328	38
KEYCODE98_LEFT	59	1	16777234	0	16777728	331	37
KEYCODE98_RIGHT	60	1	16777236	0	16777728	333	39
KEYCODE98_DOWN	61	1	16777237	0	16777728	336	40
KEYCODE98_CLR	62	1	16777232	0	16777728	327	36
KEYCODE98_HELP	63	1	16777233	0	16777728	335	35
KEYCODE98_TENKEY_MINUS	64	1	45	536870912	512	74	109
KEYCODE98_TENKEY_SLASH	65	1	47	536870912	16777728	309	111
KEYCODE98_TENKEY_7	66	1	55	536870912	512	71	103
KEYCODE98_TENKEY_8	67	1	56	536870912	512	72	104
KEYCODE98_TENKEY_9	68	1	57	536870912	512	73	105
KEYCODE98_TENKEY_ASTERISK	69	1	42	536870912	512	55	106
KEYCODE98_TENKEY_4	70	1	52	536870912	512	75	100
KEYCODE98_TENKEY_5	71	1	53	536870912	512	76	101
KEYCODE98_TENKEY_6	72	1	54	536870912	512	77	102
KEYCODE98_TENKEY_PLUS	73	1	43	536870912	512	78	107
KEYCODE98_TENKEY_1	74	1	49	536870912	512	79	97
KEYCODE98_TENKEY_2	75	1	50	536870912	512	80	98
KEYCODE98_TENKEY_3	76	1	51	536870912	512	81	99
KEYCODE98_TENKEY_EQUAL	77	0	0	0	0	0	0
KEYCODE98_TENKEY_0	78	1	48	536870912	512	82	96
KEYCODE98_TENKKEY_COMMA	79	0	0	0	0	0	0
KEYCODE98_TENKEY_PERIOD	80	1	46	536870912	512	83	110
KEYCODE98_NFER	81	1	0	0	512	123	29
KEYCODE98_VF1	82	0	0	0	0	0	0
KEYCODE98_VF2	83	0	0	0	0	0	0
KEYCODE98_VF3	84	0	0	0	0	0	0
KEYCODE98_VF4	85	0	0	0	0	0	0
KEYCODE98_VF5	86	0	0	0	0	0	0
KEYCODE98_STOP	96	1	16777275	0	512	88	123
KEYCODE98_COPY	97	0	0	0	0	0	0
KEYCODE98_F1	98	1	16777264	0	512	59	112
KEYCODE98_F2	99	1	16777265	0	512	60	113
KEYCODE98_F3	100	1	16777266	0	512	61	114
KEYCODE98_F4	101	1	16777267	0	512	62	115
KEYCODE98_F5	102	1	16777268	0	512	63	116
KEYCODE98_F6	103	1	16777269	0	512	64	117
KEYCODE98_F7	104	1	16777270	0	512	65	118
KEYCODE98_F8	105	1	16777271	0	512	66	119
KEYCODE98_F9	106	1	16777272	0	512	67	120
KEYCODE98_F10	107	1	16777273	0	512	68	121
KEYCODE98_LSHIFT	112	1	16777248	33554432	513	42	16
KEYCODE98_CAPS	113	1	0	0	512	58	240
KEYCODE98_KANA	114	0	0	0	0	0	0
KEYCODE98_GRPH	115	1	16777251	134217728	516	56	18
KEYCODE98_CTRL	116	1	16777249	67108864	514	29	17
KEYCODE98_RSHIFT	125	1	16777248	33554432	528	54	16
