KEYCODE98_ESC	0	1	27	0	53	256	0
KEYCODE98_1	1	1	49	0	18	256	0
KEYCODE98_2	2	1	50	0	19	256	0
KEYCODE98_3	3	1	51	0	20	256	0
KEYCODE98_4	4	1	52	0	21	256	0
KEYCODE98_5	5	1	53	0	23	256	0
KEYCODE98_6	6	1	54	0	22	256	0
KEYCODE98_7	7	1	55	0	26	256	0
KEYCODE98_8	8	1	56	0	28	256	0
KEYCODE98_9	9	1	57	0	25	256	0
KEYCODE98_0	10	1	48	0	29	256	0
KEYCODE98_MINUS	11	1	45	0	27	256	0
KEYCODE98_CARET	12	1	94	0	24	256	0
KEYCODE98_YEN	13	1	165	0	93	256	0
KEYCODE98_BS	14	1	8	0	51	256	0
KEYCODE98_TAB	15	1	9	0	48	256	0
KEYCODE98_Q	16	1	81	0	12	256	0
KEYCODE98_W	17	1	87	0	13	256	0
KEYCODE98_E	18	1	69	0	14	256	0
KEYCODE98_R	19	1	82	0	15	256	0
KEYCODE98_T	20	1	84	0	17	256	0
KEYCODE98_Y	21	1	89	0	16	256	0
KEYCODE98_U	22	1	85	0	32	256	0
KEYCODE98_I	23	1	73	0	34	256	0
KEYCODE98_O	24	1	79	0	31	256	0
KEYCODE98_P	25	1	80	0	35	256	0
KEYCODE98_ATMARK	26	1	64	0	33	256	0
KEYCODE98_LBRACKET	27	1	91	0	30	256	0
KEYCODE98_RET	28	1	13	0	36	256	0
KEYCODE98_TENKEY_RET	28	1	370	0	76	2097408	3
KEYCODE98_A	29	1	65	0	0	256	65
KEYCODE98_S	30	1	83	0	1	256	0
KEYCODE98_D	31	1	68	0	2	256	0
KEYCODE98_F	32	1	70	0	3	256	0
KEYCODE98_G	33	1	71	0	5	256	71
KEYCODE98_H	34	1	72	0	4	256	72
KEYCODE98_J	35	1	74	0	38	256	74
KEYCODE98_K	36	1	75	0	40	256	75
KEYCODE98_L	37	1	76	0	37	256	76
KEYCODE98_SEMICOLON	38	1	59	0	41	256	59
KEYCODE98_COLON	39	1	58	0	39	256	58
KEYCODE98_RBRACKET	40	1	93	0	42	256	93
KEYCODE98_Z	41	1	90	0	6	256	90
KEYCODE98_X	42	1	88	0	7	256	88
KEYCODE98_C	43	1	67	0	8	256	67
KEYCODE98_V	44	1	86	0	9	256	86
KEYCODE98_B	45	1	66	0	11	256	66
KEYCODE98_N	46	1	78	0	45	256	78
KEYCODE98_M	47	1	77	0	46	256	77
KEYCODE98_COMMA	48	1	44	0	43	256	44
KEYCODE98_PERIOD	49	1	46	0	47	256	46
KEYCODE98_SLASH	50	1	47	0	44	256	47
KEYCODE98_BACKSLASH	51	1	95	0	94	256	95
KEYCODE98_SPACE	52	1	32	0	49	256	32
KEYCODE98_XFER	53	1	308	2	54	1048848	0
KEYCODE98_ROLLUP	54	1	366	0	116	8388864	0
KEYCODE98_ROLLDOWN	55	1	367	0	121	8388864	0
KEYCODE98_INS	56	0	0	0	0	0	0
KEYCODE98_DEL	57	1	127	0	117	8388864	0
KEYCODE98_UP	58	1	315	0	126	10486016	0
KEYCODE98_LEFT	59	1	314	0	123	10486016	0
KEYCODE98_RIGHT	60	1	316	0	124	10486016	0
KEYCODE98_DOWN	61	1	317	0	125	10486016	0
KEYCODE98_CLR	62	1	313	0	115	8388864	0
KEYCODE98_HELP	63	1	312	0	119	8388864	0
KEYCODE98_TENKEY_MINUS	64	1	390	0	78	2097408	45
KEYCODE98_TENKEY_SLASH	65	1	392	0	75	2097408	47
KEYCODE98_TENKEY_7	66	1	331	0	89	2097408	55
KEYCODE98_TENKEY_8	67	1	332	0	91	2097408	56
KEYCODE98_TENKEY_9	68	1	333	0	92	2097408	57
KEYCODE98_TENKEY_ASTERISK	69	1	387	0	67	2097408	42
KEYCODE98_TENKEY_4	70	1	328	0	86	2097408	52
KEYCODE98_TENKEY_5	71	1	329	0	87	2097408	53
KEYCODE98_TENKEY_6	72	1	330	0	88	2097408	54
KEYCODE98_TENKEY_PLUS	73	1	388	0	69	2097408	43
KEYCODE98_TENKEY_1	74	1	325	0	83	2097408	49
KEYCODE98_TENKEY_2	75	1	326	0	84	2097408	50
KEYCODE98_TENKEY_3	76	1	327	0	85	2097408	51
KEYCODE98_TENKEY_EQUAL	77	1	61	0	81	2097408	61
KEYCODE98_TENKEY_0	78	1	324	0	82	2097408	48
KEYCODE98_TENKKEY_COMMA	79	1	44	0	95	256	44
KEYCODE98_TENKEY_PERIOD	80	1	391	0	65	2097408	46
KEYCODE98_NFER	81	1	308	2	55	1048840	0
KEYCODE98_VF1	82	0	0	0	0	0	0
KEYCODE98_VF2	83	0	0	0	0	0	0
KEYCODE98_VF3	84	0	0	0	0	0	0
KEYCODE98_VF4	85	0	0	0	0	0	0
KEYCODE98_VF5	86	0	0	0	0	0	0
KEYCODE98_STOP	96	1	351	0	111	8388864	0
KEYCODE98_COPY	97	1	352	0	105	8388864	0
KEYCODE98_F1	98	1	340	0	122	8388864	0
KEYCODE98_F2	99	1	341	0	120	8388864	0
KEYCODE98_F3	100	1	342	0	99	8388864	0
KEYCODE98_F4	101	1	343	0	118	8388864	0
KEYCODE98_F5	102	1	344	0	96	8388864	0
KEYCODE98_F6	103	1	345	0	97	8388864	0
KEYCODE98_F7	104	1	346	0	98	8388864	0
KEYCODE98_F8	105	1	347	0	100	8388864	0
KEYCODE98_F9	106	1	348	0	101	8388864	0
KEYCODE98_F10	107	1	349	0	109	8388864	0
KEYCODE98_LSHIFT	112	1	306	4	56	131330	0
KEYCODE98_CAPS	113	0	0	0	0	0	0
KEYCODE98_KANA	114	0	0	0	0	0	0
KEYCODE98_GRPH	115	1	307	1	58	524576	0
KEYCODE98_CTRL	116	1	396	16	59	262401	0
KEYCODE98_RSHIFT	125	1	306	4	60	131332	0
