KEYCODE98_ESC	0	1	27	0	27	65537	0
KEYCODE98_1	1	1	49	0	49	131073	368
KEYCODE98_2	2	1	50	0	50	196609	368
KEYCODE98_3	3	1	51	0	51	262145	368
KEYCODE98_4	4	1	52	0	52	327681	368
KEYCODE98_5	5	1	53	0	53	393217	368
KEYCODE98_6	6	1	54	0	54	458753	368
KEYCODE98_7	7	1	55	0	55	524289	368
KEYCODE98_8	8	1	56	0	56	589825	368
KEYCODE98_9	9	1	57	0	57	655361	368
KEYCODE98_0	10	1	48	0	48	720897	368
KEYCODE98_MINUS	11	1	45	0	189	786433	368
KEYCODE98_CARET	12	1	94	0	222	851969	368
KEYCODE98_YEN	13	1	92	0	220	8192001	368
KEYCODE98_BS	14	1	8	0	8	917505	368
KEYCODE98_TAB	15	1	9	0	9	983041	368
KEYCODE98_Q	16	1	81	0	81	1048577	368
KEYCODE98_W	17	1	87	0	87	1114113	368
KEYCODE98_E	18	1	69	0	69	1179649	368
KEYCODE98_R	19	1	82	0	82	1245185	368
KEYCODE98_T	20	1	84	0	84	1310721	368
KEYCODE98_Y	21	1	89	0	89	1376257	368
KEYCODE98_U	22	1	85	0	85	1441793	368
KEYCODE98_I	23	1	73	0	73	1507329	368
KEYCODE98_O	24	1	79	0	79	1572865	368
KEYCODE98_P	25	1	80	0	80	1638401	368
KEYCODE98_ATMARK	26	1	64	0	192	1703937	368
KEYCODE98_LBRACKET	27	1	91	0	219	1769473	368
KEYCODE98_RET	28	1	13	0	13	1835009	368
KEYCODE98_TENKEY_RET	28	1	370	0	13	18612225	368
KEYCODE98_A	29	1	65	0	65	1966081	368
KEYCODE98_S	30	1	83	0	83	2031617	368
KEYCODE98_D	31	1	68	0	68	2097153	368
KEYCODE98_F	32	1	70	0	70	2162689	368
KEYCODE98_G	33	1	71	0	71	2228225	368
KEYCODE98_H	34	1	72	0	72	2293761	368
KEYCODE98_J	35	1	74	0	74	2359297	368
KEYCODE98_K	36	1	75	0	75	2424833	368
KEYCODE98_L	37	1	76	0	76	2490369	368
KEYCODE98_SEMICOLON	38	1	59	0	187	2555905	368
KEYCODE98_COLON	39	1	58	0	186	2621441	368
KEYCODE98_RBRACKET	40	1	93	0	221	2818049	368
KEYCODE98_Z	41	1	90	0	90	2883585	368
KEYCODE98_X	42	1	88	0	88	2949121	368
KEYCODE98_C	43	1	67	0	67	3014657	368
KEYCODE98_V	44	1	86	0	86	3080193	368
KEYCODE98_B	45	1	66	0	66	3145729	368
KEYCODE98_N	46	1	78	0	78	3211265	368
KEYCODE98_M	47	1	77	0	77	3276801	368
KEYCODE98_COMMA	48	1	44	0	188	3342337	368
KEYCODE98_PERIOD	49	1	46	0	190	3407873	368
KEYCODE98_SLASH	50	1	47	0	191	3473409	368
KEYCODE98_BACKSLASH	51	1	92	0	226	7536641	368
KEYCODE98_SPACE	52	1	32	0	32	3735553	368
KEYCODE98_XFER	53	1	308	2	17	18677761	0
KEYCODE98_ROLLUP	54	1	366	0	33	21561345	368
KEYCODE98_ROLLDOWN	55	1	367	0	34	22085633	368
KEYCODE98_INS	56	1	322	0	45	22151169	368
KEYCODE98_DEL	57	1	127	0	46	22216705	368
KEYCODE98_UP	58	1	315	0	38	21495809	368
KEYCODE98_LEFT	59	1	314	0	37	21692417	368
KEYCODE98_RIGHT	60	1	316	0	39	21823489	368
KEYCODE98_DOWN	61	1	317	0	40	22020097	368
KEYCODE98_CLR	62	1	313	0	36	21430273	368
KEYCODE98_HELP	63	1	312	0	35	21954561	368
KEYCODE98_TENKEY_MINUS	64	1	390	0	109	4849665	368
KEYCODE98_TENKEY_SLASH	65	1	392	0	111	20250625	368
KEYCODE98_TENKEY_7	66	1	331	0	103	4653057	368
KEYCODE98_TENKEY_8	67	1	332	0	104	4718593	368
KEYCODE98_TENKEY_9	68	1	333	0	105	4784129	368
KEYCODE98_TENKEY_ASTERISK	69	1	387	0	106	3604481	368
KEYCODE98_TENKEY_4	70	1	328	0	100	4915201	368
KEYCODE98_TENKEY_5	71	1	329	0	101	4980737	368
KEYCODE98_TENKEY_6	72	1	330	0	102	5046273	368
KEYCODE98_TENKEY_PLUS	73	1	388	0	107	5111809	368
KEYCODE98_TENKEY_1	74	1	325	0	97	5177345	368
KEYCODE98_TENKEY_2	75	1	326	0	98	5242881	368
KEYCODE98_TENKEY_3	76	1	327	0	99	5308417	368
KEYCODE98_TENKEY_EQUAL	77	0	0	0	0	0	368
KEYCODE98_TENKEY_0	78	1	324	0	96	5373953	368
KEYCODE98_TENKKEY_COMMA	79	0	0	0	0	0	368
KEYCODE98_TENKEY_PERIOD	80	1	391	0	110	5439489	368
KEYCODE98_NFER	81	1	0	0	29	8060929	368
KEYCODE98_VF1	82	0	0	0	0	0	368
KEYCODE98_VF2	83	0	0	0	0	0	368
KEYCODE98_VF3	84	0	0	0	0	0	368
KEYCODE98_VF4	85	0	0	0	0	0	368
KEYCODE98_VF5	86	0	0	0	0	0	368
KEYCODE98_STOP	96	1	351	0	123	5767169	368
KEYCODE98_COPY	97	0	0	0	0	0	368
KEYCODE98_F1	98	1	340	0	112	3866625	368
KEYCODE98_F2	99	1	341	0	113	3932161	368
KEYCODE98_F3	100	1	342	0	114	3997697	368
KEYCODE98_F4	101	1	343	0	115	4063233	368
KEYCODE98_F5	102	1	344	0	116	4128769	368
KEYCODE98_F6	103	1	345	0	117	4194305	368
KEYCODE98_F7	104	1	346	0	118	4259841	368
KEYCODE98_F8	105	1	347	0	119	4325377	368
KEYCODE98_F9	106	1	348	0	120	4390913	368
KEYCODE98_F10	107	1	349	0	121	4456449	368
KEYCODE98_LSHIFT	112	1	306	4	16	2752513	368
KEYCODE98_CAPS	113	1	0	0	240	1077542913	368
KEYCODE98_KANA	114	0	0	0	0	0	368
KEYCODE98_GRPH	115	1	307	1	18	540540929	368
KEYCODE98_CTRL	116	1	308	2	17	1900545	368
KEYCODE98_RSHIFT	125	1	306	4	16	3538945	368
